lpiece
0 0 0 0
0 1 0 0
0 1 0 0
0 1 1 0

0 0 0 0
0 0 0 0
0 0 1 0
1 1 1 0

0 0 0 0
0 1 1 0
0 0 1 0
0 0 1 0

0 0 0 0
0 0 0 0
1 1 1 0
1 0 0 0

opiece
0 0 0 0
0 1 1 0
0 1 1 0
0 0 0 0

0 0 0 0
0 1 1 0
0 1 1 0
0 0 0 0

0 0 0 0
0 1 1 0
0 1 1 0
0 0 0 0

0 0 0 0
0 1 1 0
0 1 1 0
0 0 0 0

ipiece
0 1 0 0
0 1 0 0
0 1 0 0
0 1 0 0

0 0 0 0
0 0 0 0
1 1 1 1
0 0 0 0

0 1 0 0
0 1 0 0
0 1 0 0
0 1 0 0

0 0 0 0
0 0 0 0
1 1 1 1
0 0 0 0

jpiece
0 0 0 0
0 0 1 0
0 0 1 0
0 1 1 0

0 0 0 0
0 0 0 0
1 0 0 0
1 1 1 0

0 0 0 0
0 1 1 0
0 1 0 0
0 1 0 0

0 0 0 0
0 0 0 0
1 1 1 0
0 0 1 0

spiece
0 0 0 0
0 1 1 0
1 1 0 0
0 0 0 0

0 0 0 0
0 1 0 0
0 1 1 0
0 0 1 0

0 0 0 0
0 1 1 0
1 1 0 0
0 0 0 0

0 0 0 0
0 1 0 0
0 1 1 0
0 0 1 0

tpiece
0 0 0 0
0 1 0 0
1 1 1 0
0 0 0 0

0 0 0 0
0 1 0 0
0 1 1 0
0 1 0 0

0 0 0 0
1 1 1 0
0 1 0 0
0 0 0 0

0 0 0 0
0 0 1 0
0 1 1 0
0 0 1 0

zpiece
0 0 0 0
1 1 0 0
0 1 1 0
0 0 0 0

0 0 0 0
0 0 1 0
0 1 1 0
0 1 0 0

0 0 0 0
1 1 0 0
0 1 1 0
0 0 0 0

0 0 0 0
0 0 1 0
0 1 1 0
0 1 0 0

